     0/149     11.7G      5.07      2.81      35.5      43.4        13       608    0.0256    0.0565    0.0157    0.0316      4.38      2.86      33.1
     1/149     11.7G      4.36      2.42      32.6      39.4        11       608   0.00936      0.03   0.00427    0.0143      4.43      2.69      30.9
     2/149     11.7G       4.2       2.2      30.6        37         9       480     0.076    0.0303   0.00879    0.0335      3.66      1.93      28.3
     3/149     2.12G      3.91      1.73      28.8      34.5         5       320    0.0717     0.183    0.0483    0.0936      3.76      1.91      29.6
     4/149     11.7G      3.83      1.81      28.2      33.8         7       608    0.0829     0.186    0.0678      0.11      3.48      1.87      26.2
     5/149     11.7G      3.68       1.6      26.9      32.2         8       544     0.042     0.117    0.0308    0.0603      4.37      1.64      30.1
     6/149     11.7G       3.7      1.57        27      32.3        12       576     0.104    0.0327    0.0147      0.04      3.42      1.78      25.6
     7/149     11.7G      3.63      1.39      26.3      31.3        11       448     0.211     0.283     0.147      0.23      3.26      1.53      23.3
     8/149     11.7G      3.58      1.71      26.1      31.3        11       384      0.23     0.312     0.169      0.25       3.1      1.42      22.9
     9/149     11.7G      3.55      1.54      25.8      30.9         6       608     0.255     0.192     0.101     0.135      3.49      1.54      25.7
    10/149     2.34G      3.47      1.37      24.9      29.7         8       352     0.155     0.173    0.0479     0.123      3.28      1.47      24.6
    11/149     11.7G      3.42      1.52      24.5      29.4         8       384     0.297     0.414     0.221     0.313      3.18      1.36      21.8
    12/149     11.7G      3.51      1.59      25.3      30.4         9       608     0.286     0.281     0.124     0.189      3.49      1.44      24.8
    13/149     2.35G      3.44      1.57      24.6      29.6        13       352     0.288     0.468     0.217     0.293      3.47      2.67      27.1
    14/149     11.3G      3.39      1.65        24      29.1        11       320     0.272     0.472     0.233      0.31       3.3      1.66      22.2
    15/149     11.3G      3.31      1.43      23.4      28.1        14       512     0.382     0.486     0.285     0.389      3.07      1.43      19.8
    16/149     11.3G       3.4      1.45      23.4      28.2         8       448     0.322     0.451     0.223     0.332      2.97      1.62      19.7
    17/149     11.3G      3.27      1.37      23.1      27.8        12       448     0.315     0.517     0.275     0.373      3.33      1.27      21.7
    18/149     11.3G      3.31      1.29      22.9      27.5        12       448     0.323     0.503     0.323     0.367      2.98       1.2      19.8
    19/149     11.3G       3.3      1.43      23.1      27.8        14       320     0.321     0.642     0.421     0.411      2.91      1.24      18.2
    20/149     11.3G      3.25      1.15      21.6        26         9       608     0.401     0.577     0.349     0.382      3.26      1.36      18.4
    21/149     11.3G      3.26      1.39      21.8      26.4         8       384      0.27     0.637     0.398     0.361      3.14       1.3      17.9
    22/149     11.3G      3.32      1.26        22      26.6        11       320     0.369     0.486     0.324     0.395      3.15      1.22      17.2
    23/149     11.3G      3.24      1.26      21.5        26        12       608     0.397     0.469     0.323     0.395      3.14      1.25        19
    24/149     11.3G      3.24      1.39      21.4        26        13       352     0.351     0.666     0.442     0.444      3.09      1.24      16.9
    25/149     11.3G      3.45      1.68      23.4      28.5         8       576     0.328     0.583     0.369     0.349      3.26      1.47      17.9
    26/149     11.3G      3.28      1.35      22.3        27        11       544      0.36     0.647     0.458     0.441      2.85      1.14        17
    27/149     11.3G      3.22      1.31      20.9      25.5         8       480     0.351      0.58     0.361      0.42      3.19      1.18      19.2
    28/149     11.3G      3.13      1.41      20.3      24.8        10       480     0.394     0.664      0.47     0.473      3.08      1.14      17.1
    29/149     11.3G      3.18      1.13      20.3      24.6         9       416      0.42     0.737     0.521     0.525      2.78      1.14      14.4
    30/149     11.3G      3.05      1.21      19.9      24.1        11       480     0.436     0.704     0.508     0.527      2.76      1.07      15.1
    31/149     11.3G      3.12      1.35      19.5        24         7       480     0.434     0.696     0.514     0.514      2.91      1.07      15.1
    32/149     11.3G      3.07      1.22      19.2      23.5         9       384     0.426     0.637     0.485     0.464      2.74      1.12      16.6
    33/149     11.3G      3.11       1.2      19.5      23.8         8       544     0.326     0.771     0.509     0.446      3.18      1.33      18.6
    34/149     11.3G      3.13      1.23      19.4      23.8        10       448     0.356     0.696       0.5     0.456      3.11      1.13      15.3
    35/149     11.3G      3.03      1.28      19.1      23.4        14       320      0.45     0.782     0.577     0.557      2.61      1.02      14.1
    36/149     11.3G      3.07      1.16      19.4      23.6         6       608     0.462     0.595     0.432     0.497      2.86      1.16        15
    37/149     11.3G      2.99      1.15        19      23.1        11       480     0.393      0.75      0.58     0.481      2.72      1.02        14
    38/149     11.3G         3      1.23        19      23.2        14       448     0.466     0.731     0.574     0.543      2.66       1.1        13
    39/149     11.3G      2.96      1.22      18.7      22.9         9       480     0.426      0.75     0.565     0.528       2.8      1.02      12.8
    40/149     11.3G      3.03      1.04      18.8      22.8         9       544     0.491     0.735     0.583     0.573      2.76      1.03      13.4
    41/149     11.3G      2.98      1.07      18.5      22.6         7       480     0.323     0.687     0.522     0.419      2.91      1.17      13.8
    42/149     11.3G      3.05      1.14      17.9      22.1         9       544     0.445     0.709     0.542     0.509      2.88      1.04      14.6
    43/149     11.3G         3      1.36      17.7      22.1        10       320     0.346     0.791     0.581     0.456      2.79      1.47      12.2
    44/149     11.3G      2.91      1.06      17.8      21.7        13       320     0.494     0.652     0.531     0.493      2.82      1.02      15.2
    45/149     11.3G      3.07      1.12      17.7      21.9        10       608     0.515     0.736     0.621     0.597      2.76      1.07      12.8
    46/149     11.3G      2.93      1.11      18.1      22.1        10       576     0.476     0.751     0.621     0.564       2.6     0.986      11.9
    47/149     11.3G      2.92         1      16.8      20.7         6       512     0.501     0.737     0.573     0.573      2.78      1.02      14.5
    48/149     11.3G      2.91      1.26      17.4      21.6         8       384     0.409     0.772     0.622      0.49      2.69      1.02      11.9
    49/149     11.3G      2.97      1.12      17.4      21.5         6       512     0.408     0.748     0.561     0.494      2.75         1        13
    50/149     11.3G      2.98      1.23      17.6      21.8        14       384     0.406     0.728     0.571     0.482      2.67      1.05        14
    51/149     11.3G      2.94      1.11      16.9      20.9        13       544     0.444     0.774     0.579     0.549      2.84      1.06      12.4
    52/149     11.3G      2.91      1.06      16.4      20.3        10       576     0.446     0.747     0.608     0.538       2.8      1.01      15.1
    53/149     11.3G       2.9      1.15      16.9        21         7       320     0.491     0.846     0.728     0.604       2.6      1.09      11.3
    54/149     11.3G      2.88      1.11      16.9      20.9        12       576     0.396     0.782     0.635     0.505      3.09      1.13      12.9
    55/149     11.3G      2.83      1.03      16.2      20.1        11       352     0.515     0.793     0.692     0.604      2.63     0.969      10.3
    56/149     11.3G      2.86      1.18      16.6      20.7        14       320     0.504     0.781     0.652     0.595      2.67      0.94        12
    57/149     11.3G      2.84      1.15      15.6      19.5        10       480     0.468     0.813     0.689     0.556      2.56     0.918      9.93
    58/149     11.3G       2.8      1.18      15.3      19.3        10       416     0.545     0.846     0.746     0.652      2.44     0.922      9.48
    59/149     11.3G      2.81      1.14      15.2      19.2         8       544     0.535     0.833       0.7     0.642      2.79     0.932      9.97
    60/149     11.3G      2.79      1.06        15      18.9        15       448     0.392     0.715     0.515     0.461      2.95      1.14      24.7
    61/149     11.3G      2.83      1.02      16.2        20         7       448     0.542     0.824     0.729     0.639      2.69     0.903       9.9
    62/149     11.3G      2.69      1.04      14.9      18.7         7       448     0.602     0.858     0.771     0.699       2.5     0.892      9.58
    63/149     11.3G      2.83      1.15      14.5      18.5        12       384     0.454     0.888     0.801     0.593      2.41     0.998      8.79
    64/149     11.3G      2.79     0.966      15.4      19.2         8       416     0.545     0.783     0.711     0.601      2.49     0.919      10.9
    65/149     11.3G      2.76      1.05      15.6      19.4         9       544      0.57     0.841     0.751     0.664      2.63     0.951      11.5
    66/149     11.3G      2.72      1.09      14.7      18.5        14       608     0.552     0.837     0.706     0.644      2.66         1      10.1
    67/149     11.3G      2.75     0.966      14.9      18.7        12       480     0.618     0.857     0.776      0.71      2.46     0.866      8.61
    68/149     11.3G      2.72      1.02      14.3      18.1        11       608     0.543     0.784     0.622     0.602      2.68      8.68      13.8
    69/149     11.3G      2.79      1.05      15.7      19.5        15       512      0.43     0.732     0.548     0.509      2.85      1.03      25.3
    70/149     11.3G      2.74      1.07      16.1      19.9        13       448     0.588      0.82     0.717     0.658      2.38     0.933      10.8
    71/149     11.3G      2.74      1.02      14.5      18.3        10       480     0.647     0.857     0.791     0.714      2.43      0.87      8.89
    72/149     11.3G      2.73      1.04      14.2        18         7       480     0.622     0.855     0.771     0.711      2.54     0.865       9.3
    73/149     11.3G      2.65      1.03      13.8      17.5        12       608     0.515     0.889     0.766     0.631      2.55      1.22      8.04
    74/149     11.3G      2.67     0.911      13.6      17.2        10       544     0.584     0.845     0.764     0.672       2.4     0.857      9.47
    75/149     11.3G      2.71     0.968      14.5      18.2         8       384     0.576     0.832     0.748     0.664       2.6     0.949      10.4
    76/149     11.3G      2.71     0.882      14.3      17.9        13       480     0.626     0.847     0.787     0.708       2.5     0.957      9.67
    77/149     11.3G      2.72      1.12      14.5      18.4        10       480     0.589     0.887     0.826      0.69      2.52     0.978      7.85
    78/149     11.3G       2.7      1.08      13.3      17.1         8       320     0.626     0.881     0.783     0.719      2.51     0.853      9.13
    79/149     11.3G      2.63      1.06      12.9      16.6        13       416     0.611     0.887     0.811     0.713      2.38     0.847      7.65
    80/149     11.3G       2.6     0.941      12.6      16.1         9       544     0.643       0.9     0.856     0.743      2.31     0.799      7.85
    81/149     11.3G      2.58     0.924      12.7      16.2        11       512     0.695     0.867     0.817     0.762      2.39     0.921      8.03
    82/149     11.3G      2.63     0.975      12.6      16.2         8       416     0.628     0.897     0.851     0.733      2.38     0.836      6.67
    83/149     11.3G       2.6      1.01      12.4        16         7       352     0.535      0.88     0.797     0.657      2.52     0.884      7.93
    84/149     11.3G      2.61     0.882      12.9      16.4        11       544     0.683     0.875      0.83     0.763      2.55      0.83      7.18
    85/149     11.3G      2.61      1.04      12.9      16.5         8       384     0.588     0.913     0.849      0.71      2.35      0.87      6.78
    86/149     11.3G      2.58      1.04      12.4      16.1         7       576     0.574     0.876      0.79     0.678      2.62     0.902      8.49
    87/149     11.3G      2.66     0.919      12.4        16        10       480     0.677     0.891     0.851     0.767      2.37     0.821      6.46
    88/149     11.3G      2.62     0.989      12.3      15.9        12       416     0.601     0.909     0.864     0.714       2.3     0.862      6.26
    89/149     11.3G      2.56     0.868      12.3      15.7        13       448     0.683     0.857       0.8      0.74      2.28     0.799      9.05
    90/149     11.3G       2.6     0.989      12.9      16.5        13       544      0.63     0.866     0.796      0.72      2.39     0.881      7.73
    91/149     11.3G      2.59      1.02      12.8      16.4        15       352     0.619     0.916     0.873     0.732       2.2     0.832      6.04
    92/149     11.3G      2.53     0.926      12.2      15.6         8       320     0.624     0.896     0.817     0.723      2.31      1.31       7.3
    93/149     11.3G       2.5     0.951      12.2      15.6        13       576     0.632     0.884     0.835     0.725      2.37     0.816      6.88
    94/149     11.3G       2.5     0.757      12.4      15.6         7       576     0.701     0.885     0.838     0.776      2.36     0.823      7.07
    95/149     11.3G      2.53     0.983      11.6      15.1         5       416     0.627     0.909     0.863     0.736      2.24     0.795      6.19
    96/149     11.3G      2.58      0.98      11.6      15.2        20       352     0.651     0.914     0.875     0.752      2.34      0.77      6.36
    97/149     11.3G      2.52     0.878      11.7      15.1        11       480      0.65     0.922     0.886     0.759      2.16     0.857      5.81
    98/149     11.3G       2.5     0.902      11.3      14.7        13       576     0.665     0.835     0.764     0.726      2.44     0.878      8.34
    99/149     11.3G      2.56     0.965      12.1      15.7         8       352      0.59     0.867     0.801     0.688       2.2     0.852      8.46
   100/149     11.3G      2.44      0.87      11.2      14.5         9       608     0.706     0.903     0.864     0.785      2.24     0.743      6.57
   101/149     11.3G      2.56     0.872      12.3      15.7        12       544     0.682     0.905     0.871      0.77      2.21     0.785      6.83
   102/149     11.3G      2.48      0.86      11.2      14.6        11       352      0.76     0.893      0.87     0.817      2.26     0.767       6.6
   103/149     11.3G      2.46     0.911      11.3      14.6         7       416     0.656     0.879     0.828     0.729      2.22     0.975      7.53
   104/149     11.3G      2.41     0.898      10.7        14        11       320     0.694     0.923     0.895     0.783      2.18     0.812      5.78
   105/149     11.3G      2.47      1.02      11.4      14.9         7       320     0.691     0.903     0.858     0.775      2.13     0.741      6.38
   106/149     11.3G       2.4      1.01      10.5      13.9        11       416     0.703      0.92     0.893     0.795      2.09     0.785      4.87
   107/149     11.3G      2.42     0.868      10.5      13.8        12       320      0.71     0.916     0.886     0.794      2.39     0.757      5.64
   108/149     11.3G      2.49     0.867      10.9      14.2        12       384     0.701     0.931     0.902     0.797      2.15     0.803      5.43
   109/149     11.3G      2.46     0.952      11.4      14.8        10       384     0.722     0.906     0.882       0.8      2.15     0.742      5.42
   110/149     11.3G       2.4     0.933      10.4      13.7        11       608     0.694     0.887     0.849     0.766       2.2     0.771      7.56
   111/149     11.3G      2.44     0.913      10.9      14.2        13       544     0.676     0.892     0.841     0.756      2.22     0.765      7.07
   112/149     11.3G      2.34     0.835      10.4      13.6        12       512     0.724     0.919      0.89     0.808      2.19     0.738      5.15
   113/149     11.3G      2.35     0.814      10.8        14        10       320     0.806      0.89     0.861     0.842       2.3     0.743      6.01
   114/149     11.3G      2.39     0.866        11      14.3        11       480     0.775     0.921     0.891     0.838      1.99     0.724      5.06
   115/149     11.3G      2.36     0.881      9.94      13.2        13       576     0.719     0.911     0.883     0.795      2.16     0.762      4.93
   116/149     11.3G      2.31     0.767      10.2      13.3        11       576     0.752     0.898     0.849     0.813      2.28     0.764      6.32
   117/149     11.3G      2.39     0.879      10.3      13.6         7       480      0.74     0.919     0.893     0.817      2.22     0.744      5.24
   118/149     11.3G      2.29     0.794      9.91        13         9       384     0.723     0.918     0.891     0.805      2.04     0.739      5.45
   119/149     11.3G      2.32     0.861      9.92      13.1        13       416     0.734     0.918     0.892     0.811      2.07     0.688      5.32
   120/149     11.3G      2.25     0.828      9.92        13        12       352     0.763     0.913     0.872     0.828      2.24     0.726      4.85
   121/149     11.3G      2.28     0.778      10.4      13.4        12       512      0.76     0.932      0.91     0.832      1.98      0.73      5.13
   122/149     11.3G      2.25     0.741      10.5      13.5        11       320      0.73     0.917      0.89      0.81      1.95     0.699         5
   123/149     11.3G      2.28     0.774      9.91        13         7       608     0.758     0.938     0.909     0.833      2.17     0.707      5.05
   124/149     11.3G      2.28     0.852      10.3      13.5        11       608     0.729     0.922     0.883     0.807      1.94     0.716      5.35
   125/149     11.3G      2.23     0.743      9.79      12.8         8       576     0.751     0.926     0.899     0.827       2.2     0.684      4.84
   126/149     11.3G      2.21     0.779      9.38      12.4         9       480     0.797     0.926     0.913     0.854      1.87     0.673      4.76
   127/149     11.3G      2.24      0.82      9.77      12.8        20       512     0.759     0.939     0.919     0.837      2.03     0.676      4.37
   128/149     11.3G      2.24     0.723      9.79      12.8         7       448     0.771     0.908     0.886     0.829         2     0.707      5.54
   129/149     11.3G      2.23     0.819      9.25      12.3         8       480     0.772      0.92       0.9     0.838      1.99     0.728      4.77
   130/149     11.3G      2.19     0.903      9.03      12.1         8       320     0.807      0.94     0.927     0.866      1.89     0.673      4.24
   131/149     11.3G      2.14     0.752      8.92      11.8         8       576     0.796     0.938      0.92     0.858      1.92     0.676      3.86
   132/149     11.3G      2.19     0.827      8.67      11.7         8       512     0.746     0.918     0.895      0.82      1.96     0.663      5.35
   133/149     11.3G      2.15     0.798      9.26      12.2        11       480     0.815     0.939     0.921     0.871      1.81     0.669      4.43
   134/149     11.3G       2.1     0.722      8.87      11.7        12       608     0.778      0.93     0.892     0.844      2.41     0.677      4.43
   135/149     11.3G      2.11     0.736      8.78      11.6        12       576     0.809      0.95     0.934     0.871       1.8     0.657      4.27
   136/149     11.3G      2.11     0.755      9.28      12.1        13       480     0.806     0.935     0.921     0.863      1.88     0.639      4.29
   137/149     11.3G      2.11     0.729      9.19        12        12       576     0.842     0.923     0.911     0.879      1.78     0.636      5.73
   138/149     11.3G      2.09     0.827      9.03        12         9       608     0.773     0.937     0.919     0.845      1.78     0.663      4.08
   139/149     11.3G      2.12     0.787      8.22      11.1        12       480     0.788     0.934     0.922     0.852      1.74     0.626      3.59
   140/149     11.3G      2.04     0.689      8.85      11.6         9       544     0.852     0.931     0.922     0.889      1.83     0.632      3.72
   141/149     11.3G      2.02     0.744      8.07      10.8        11       352      0.84     0.948     0.939     0.888      1.71     0.624      3.58
   142/149     11.3G      2.01     0.777      8.16      10.9         8       576     0.777     0.945     0.926      0.85      1.89     0.633      3.94
   143/149     11.3G      2.01     0.737      8.28        11         8       352     0.838     0.943     0.934     0.886      1.97     0.613      3.41
   144/149     11.3G      1.97     0.793      7.83      10.6         8       320     0.831     0.949     0.938     0.884      1.64     0.622      3.14
   145/149     11.3G      1.94     0.736      7.78      10.5        11       608     0.823     0.944     0.932     0.878       1.7     0.614      3.46
   146/149     11.3G      1.92     0.717      7.77      10.4        12       416     0.852     0.947      0.94     0.896      1.57       0.6      3.33
   147/149     11.3G      1.87     0.647      7.66      10.2         7       608     0.851     0.956     0.948     0.899      1.63     0.598      3.45
   148/149     11.3G      1.92     0.785      7.63      10.3        13       576     0.842     0.957     0.948     0.894      1.66     0.604      3.22
   149/149     11.3G      1.95     0.782      8.13      10.9        11       320     0.142      0.98     0.962     0.244      1.67     0.593      3.17
